feature	k__Bacteria.p__Bacteroidetes	k__Bacteria.p__Firmicutes	k__Bacteria.p__Verrucomicrobia	k__Bacteria.__	k__Bacteria.p__Proteobacteria	k__Bacteria.p__Cyanobacteria	k__Bacteria.p__Actinobacteria	k__Bacteria.p__Tenericutes	k__Bacteria.p__Deferribacteres	Unassigned.__
HEB24017	0.170972244680989	0.825104131236025	0.000845688753083047	0.000752755923073921	0.000669116376065707	0.000178431033617522	0.000204452226020077	0.00124344126552211	2.23038792021902e-05	7.43462640073008e-06
HEB24023	0.0376198400383788	0.957648399259409	0.00129116163319766	0.0011599841087799	0.000948226105076945	0.000211758003702954	0.000284842624449991	0.000788939111141095	3.37313634217095e-05	1.31177524417759e-05
HEB24025	0.352618158125407	0.642394427595776	0.00283354504844448	0.000419524039430572	0.000595302268242265	0.00018280935796416	0.000234370971748923	0.000698425495811791	2.34370971748923e-05	0
HEB24037	0.337633001013721	0.659070409718952	0.000973810873157143	0.000738340211205211	0.000670492732337705	0.000221502063361563	0.000221502063361563	0.000435022070385773	2.59416830963993e-05	9.97757042169204e-06
HEB24040	0.0847182928758321	0.911390249573642	0.00103207470353784	0.000840181416950401	0.000638779904450973	0.000178063139806361	0.000266230325535724	0.000916247224246322	1.55589151287111e-05	4.32192086908642e-06
HEB24041	0.508321663920923	0.4857784184514	0.00100700164744646	0.000840197693574959	0.000706342668863262	0.000220345963756178	0.000294481054365733	0.00281095551894563	2.05930807248764e-05	0
HEB24042	0.507272945515653	0.487120029972029	0.00245341422871131	0.000738388566980573	0.000649272705448435	0.000229155072511212	0.000194599942529363	0.00132036970351698	2.18242926201155e-05	0
HEB24044	0.414112318936502	0.582629552951642	0.00091248766729676	0.000649507662601949	0.000751875718120734	0.000181791546869567	0.000280629669439429	0.000458891283360073	1.58846982701564e-05	7.05986589784727e-06
HEB24045	0.372668895611102	0.623100355569708	0.000859735710874065	0.000422438040651701	0.00067929735180173	0.00020803481398928	0.000188929575969856	0.00185108528365971	1.27368253462824e-05	8.49121689752163e-06
HEB24055	0.296212269996817	0.699895932801033	0.00111516694771583	0.000476316246898865	0.000887167227636275	0.000227999720079552	0.000264118487616906	0.000898454342491698	2.25742297108467e-05	0
HEB24056	0.285289747399703	0.710599206121963	0.00120859944121113	0.000459629463303485	0.00083336096133386	0.000248652004737951	0.000283312587216574	0.00105036634728698	2.71256732441401e-05	0
HEB24057	0.267604113010431	0.728597246782396	0.00112932546699732	0.00079654617578181	0.000830178125425931	0.000233653544895998	0.000260205084088725	0.000518640065564601	2.12412313541816e-05	8.85051306424233e-06
HEB24058	0.287261517953845	0.704282262767641	0.000959987275908296	0.000666500041656253	0.000662713109601388	0.000213961661099877	0.000183666204660956	0.00575045632531261	1.32542621920278e-05	5.68039808229761e-06
HEB24068	0.232873918007331	0.763003678063498	0.000849148795536988	0.000763759531181313	0.000841242382170722	0.000202404182176414	0.000259330358413531	0.00117805559157366	1.89753920790388e-05	9.48769603951942e-06
HEB24088	0.360357820573262	0.634157839999431	0.00136220093766805	0.000836272923472736	0.000606475547900908	0.000203737879372961	0.000248749736443732	0.00221268813179472	1.42142706539275e-05	0
HEB24089	0.478057124326596	0.515448049382603	0.00402615286592203	0.000463589921600778	0.000664555010767618	0.00020096508916684	0.000212383560142228	0.00091347767803109	6.85108258523318e-06	6.85108258523318e-06
HEB24090	0.188518397760618	0.780063857366659	0.0286085774041941	0.000739568505514954	0.00053479550533205	0.000129225679727075	0.000278332233258316	0.00110935275827243	9.94043690208272e-06	7.95234952166618e-06
HEB24106	0.357194208520029	0.636838761452551	0.00322008961412426	0.000959673644084799	0.000717247375108674	0.000188925299271049	0.000331037250050157	0.000531665886444192	1.83909583361198e-05	0
HEB24122	0.299470448989596	0.696722717802847	0.000759818623941382	0.000575346530183118	0.000681127730799745	0.000162541844849939	0.000252842869766572	0.00135709540303282	1.16101317749956e-05	6.45007320833091e-06
HEB24127	0.235852067647027	0.758681332804953	0.00141163366071524	0.00137307614039222	0.000908243812053509	0.000216350530701426	0.000535521115597588	0.000998211359473904	2.35629290862939e-05	0
HEB24129	0.393851829189575	0.600980778787166	0.00296037448560399	0.00042973178016832	0.000544680610254497	0.000183918128137882	0.00028471940990576	0.000742746286710677	1.59159918580859e-05	5.30533061936198e-06
HEB24130	0.500419902444218	0.495849553812062	0.000710706514144257	0.000589593606303195	0.000592255428453548	0.000177011172998476	0.000246218548907655	0.00139745662893534	1.73018439772947e-05	0
HEB24131	0.540314369125605	0.456874821988038	0.000690686414127029	0.000701367131871262	0.000535816006835659	0.000178011962403874	0.000206493876388493	0.000487752776986613	1.06807177442324e-05	0
HEB24132	0.407443856985814	0.589762266210992	0.000783721330232349	0.000575825786525677	0.000592277951854982	0.000152556442144465	0.000209391195100246	0.000457669326433395	1.6452165329305e-05	5.98260557429274e-06
HEB24133	0.348789627294547	0.646609127962283	0.00140259271346142	0.000671207734164705	0.000634175583314239	0.000247652508812495	0.000212934867390182	0.00141416526060219	1.85160754252332e-05	0
HEB24134	0.456223427528874	0.536051052166662	0.00353501580933039	0.000427636195523854	0.000556422385681617	0.00015850608019417	0.000135390610165853	0.00289603817354765	1.6511050020226e-05	0
HEB24135	0.44839162534978	0.546748864693434	0.00139628024879175	0.000530472821793339	0.000765396500016104	0.000179981850251312	0.000255763681936074	0.00170698575869928	2.46290952975479e-05	0
HEB24136	0.407033803737241	0.58081755893991	0.00806699822750166	0.000973848152292805	0.000602933539993276	0.00017993304596658	0.000266742848845193	0.00204239790772591	1.10485203663689e-05	4.73508015701526e-06
HEB24137	0.296332759045041	0.699939457198755	0.000891075056904844	0.000713219349982304	0.000713219349982304	0.00021737919734977	0.000235344420271239	0.000928802025039928	2.33547897979092e-05	5.38956687644059e-06
HEB24138	0.413043842531872	0.583630760606462	0.000796693796908584	0.000574289792417851	0.0005255437092418	0.000166041345818424	0.00024830036117801	0.000999294705109046	1.5233150992516e-05	0
HEB24139	0.461795991508927	0.533592764302919	0.00192162879650516	0.000736402730840646	0.000531938767198661	0.000146283160979632	0.000187840877167027	0.0010705267689873	1.16361605324707e-05	4.98692594248745e-06
HEB24140	0.413226048737065	0.584730722154223	0.000559140981417603	0.000305997552019584	0.000461778123956827	0.000141871592299989	0.000189162123066652	0.000372760654278402	1.25180816735284e-05	0
HEB24141	0.404971566026208	0.580969532281426	0.0112710477630944	0.000628068241537101	0.000781880872117615	0.000183720642082281	0.000166630349795557	0.00100191838530918	1.92265788225643e-05	6.40885960752144e-06
HEB24142	0.306595905415205	0.684883965306034	0.00521810584272599	0.00094668103097351	0.000658889997557563	0.000202589740628331	0.000335125084964623	0.00113601723716821	2.27203447433642e-05	0
HEB24143	0.411743597019036	0.542771384301256	0.042071764571702	0.000522976179547737	0.000703792411838178	0.000205852325992194	0.000236451996072115	0.00173583582998823	8.34536456725112e-06	0
HEB24144	0.410887239489817	0.585072220772611	0.000811208105880742	0.000594197020231117	0.000576112763093648	0.000162758314237219	0.00021184415503892	0.00166116819134177	2.32511877481741e-05	0
